# Monoisotopic Residue Mass
G=57.02146
A=71.03711
S=87.03203
P=97.05276
V=99.06841
T=101.0476
C=103.0092
I=113.0841
L=113.0841
N=114.0429
D=115.0269
Q=128.0585
K=128.0949
E=129.0425
M=131.0404
H=137.0589
F=147.0684
R=156.1011
Y=163.0633
W=186.0793